2023-05-09 10:44:45,464 INFO Starting...
2023-05-09 10:44:45,464 INFO Tickers: ['BRK.B']
2023-05-09 10:45:11,343 INFO in_r2: -0.3773761264079517 , std 0.18538740596712722 
2023-05-09 10:45:11,343 INFO os_r2: -0.14291145872596353 , std 0.8271710904006786 
2023-05-09 10:45:11,343 INFO intercept: 1.525903098229017e-07 , std 8.945015105747713e-05 
2023-05-09 10:45:11,343 INFO ofi_add_1_1: -2.1719133826015026e-06 , std 3.915941521919479e-05 
2023-05-09 10:45:11,343 INFO ofi_cancel_1_1: -2.0316150519951183e-06 , std 4.6264634814362084e-05 
2023-05-09 10:45:11,343 INFO ofi_trade_1_1: -1.3236864419500512e-06 , std 9.055861168863117e-05 
2023-05-09 10:45:11,343 INFO ofi_add_1_2: -2.2941980930733058e-06 , std 3.611700213289528e-05 
2023-05-09 10:45:11,343 INFO ofi_cancel_1_2: -2.116466548737215e-06 , std 4.4929142355818177e-05 
2023-05-09 10:45:11,343 INFO ofi_trade_1_2: -1.9645189547107084e-06 , std 9.147929990879249e-05 
2023-05-09 10:45:11,343 INFO ofi_add_1_3: -3.4268808140601345e-06 , std 3.172803406422732e-05 
2023-05-09 10:45:11,343 INFO ofi_cancel_1_3: -2.7600439487524283e-06 , std 3.7398382989314474e-05 
2023-05-09 10:45:11,343 INFO ofi_trade_1_3: -4.041082167143132e-06 , std 8.283999143196853e-05 
2023-05-09 10:45:11,343 INFO used_intercept: 0.982267220159563 , std 0.13197851476497052 
2023-05-09 10:45:11,343 INFO used_ofi_add_1_1: 0.12791074698707147 , std 0.3339904007487054 
2023-05-09 10:45:11,343 INFO used_ofi_cancel_1_1: 0.08792408196444311 , std 0.28318445892236566 
2023-05-09 10:45:11,343 INFO used_ofi_trade_1_1: 0.030149835824508045 , std 0.17099948311109966 
2023-05-09 10:45:11,343 INFO used_ofi_add_1_2: 0.15153009731793418 , std 0.3585648155142269 
2023-05-09 10:45:11,343 INFO used_ofi_cancel_1_2: 0.10928744639750106 , std 0.3119995199634358 
2023-05-09 10:45:11,343 INFO used_ofi_trade_1_2: 0.038945440762103094 , std 0.19346496686984085 
2023-05-09 10:45:11,344 INFO used_ofi_add_1_3: 0.21308563156188207 , std 0.4094876618211542 
2023-05-09 10:45:11,344 INFO used_ofi_cancel_1_3: 0.16632644207276695 , std 0.37237341035603155 
2023-05-09 10:45:11,344 INFO used_ofi_trade_1_3: 0.05765094326697812 , std 0.23308220010847203 
2023-05-09 10:45:12,024 INFO Grouping by horizont:
2023-05-09 10:45:12,024 INFO 1: 0.2459846647760226
2023-05-09 10:45:12,024 INFO 2: 0.29976298447753835
2023-05-09 10:45:12,024 INFO 3: 0.43706301690162713
2023-05-09 10:45:12,024 INFO Grouping by ofi type:
2023-05-09 10:45:12,024 INFO add: 0.4925264758668877
2023-05-09 10:45:12,024 INFO cancel: 0.36353797043471114
2023-05-09 10:45:12,024 INFO trade: 0.12674621985358925
2023-05-09 10:45:12,024 INFO Grouping by ofi type and horizont:
2023-05-09 10:45:12,024 INFO add_1: 0.12791074698707147
2023-05-09 10:45:12,024 INFO cancel_1: 0.08792408196444311
2023-05-09 10:45:12,024 INFO trade_1: 0.030149835824508045
2023-05-09 10:45:12,024 INFO add_2: 0.15153009731793418
2023-05-09 10:45:12,024 INFO cancel_2: 0.10928744639750106
2023-05-09 10:45:12,024 INFO trade_2: 0.038945440762103094
2023-05-09 10:45:12,024 INFO add_3: 0.21308563156188207
2023-05-09 10:45:12,024 INFO cancel_3: 0.16632644207276695
2023-05-09 10:45:12,024 INFO trade_3: 0.05765094326697812
2023-05-09 10:45:12,024 INFO Grouping by level:
2023-05-09 10:45:12,024 INFO 1: 0.9828106661551881
2023-05-09 10:45:12,024 INFO Grouping by level and horizont:
2023-05-09 10:45:12,024 INFO 1_1: 0.2459846647760226
2023-05-09 10:45:12,024 INFO 1_2: 0.29976298447753835
2023-05-09 10:45:12,025 INFO 1_3: 0.43706301690162713
2023-05-09 10:45:12,027 INFO Non empty regressions: 0.3621131372360976 --- 79293 / 218973
