2023-05-09 10:51:42,640 INFO Starting...
2023-05-09 10:51:42,640 INFO Tickers: ['HD']
2023-05-09 10:52:08,347 INFO in_r2: -0.37334742023258194 , std 0.18973477875091074 
2023-05-09 10:52:08,347 INFO os_r2: -0.10639995258747675 , std 0.052758815491694776 
2023-05-09 10:52:08,347 INFO intercept: 1.4571805714494464e-06 , std 0.00010415598352772887 
2023-05-09 10:52:08,347 INFO ofi_add_1_1: -1.5885266046193489e-06 , std 4.893529665540466e-05 
2023-05-09 10:52:08,347 INFO ofi_cancel_1_1: -1.167723823661733e-06 , std 6.454427066361196e-05 
2023-05-09 10:52:08,347 INFO ofi_trade_1_1: -2.303930280657212e-06 , std 0.00010245767948234281 
2023-05-09 10:52:08,347 INFO ofi_add_1_2: -2.4877889259062732e-06 , std 4.445794096474282e-05 
2023-05-09 10:52:08,347 INFO ofi_cancel_1_2: -2.1095112771826733e-06 , std 5.8041616697566286e-05 
2023-05-09 10:52:08,347 INFO ofi_trade_1_2: -2.757979774803934e-06 , std 9.878243129251756e-05 
2023-05-09 10:52:08,347 INFO ofi_add_1_3: -3.7085242386880777e-06 , std 3.847660375967719e-05 
2023-05-09 10:52:08,347 INFO ofi_cancel_1_3: -4.764899123404465e-06 , std 4.865887612650314e-05 
2023-05-09 10:52:08,347 INFO ofi_trade_1_3: -3.2361812363861557e-06 , std 8.781327180504392e-05 
2023-05-09 10:52:08,347 INFO used_intercept: 0.9839797600617428 , std 0.1255531435312469 
2023-05-09 10:52:08,347 INFO used_ofi_add_1_1: 0.13129015906070612 , std 0.3377174161847752 
2023-05-09 10:52:08,347 INFO used_ofi_cancel_1_1: 0.08109675622108661 , std 0.27298364850573786 
2023-05-09 10:52:08,347 INFO used_ofi_trade_1_1: 0.038790170477638795 , std 0.19309451869992197 
2023-05-09 10:52:08,347 INFO used_ofi_add_1_2: 0.1546492033264375 , std 0.36156994791732305 
2023-05-09 10:52:08,347 INFO used_ofi_cancel_1_2: 0.10028633667164445 , std 0.3003814031337926 
2023-05-09 10:52:08,347 INFO used_ofi_trade_1_2: 0.04785064825343764 , std 0.21345014339457213 
2023-05-09 10:52:08,347 INFO used_ofi_add_1_3: 0.22526521534618424 , std 0.41775686481639235 
2023-05-09 10:52:08,347 INFO used_ofi_cancel_1_3: 0.1571152607855763 , std 0.36390940577821923 
2023-05-09 10:52:08,347 INFO used_ofi_trade_1_3: 0.07157503436496737 , std 0.25778294904943017 
2023-05-09 10:52:09,014 INFO Grouping by horizont:
2023-05-09 10:52:09,014 INFO 1: 0.25117708575943154
2023-05-09 10:52:09,014 INFO 2: 0.3027861882515196
2023-05-09 10:52:09,014 INFO 3: 0.4539555104967279
2023-05-09 10:52:09,014 INFO Grouping by ofi type:
2023-05-09 10:52:09,014 INFO add: 0.5112045777333278
2023-05-09 10:52:09,014 INFO cancel: 0.3384983536783074
2023-05-09 10:52:09,014 INFO trade: 0.1582158530960438
2023-05-09 10:52:09,014 INFO Grouping by ofi type and horizont:
2023-05-09 10:52:09,014 INFO add_1: 0.13129015906070612
2023-05-09 10:52:09,014 INFO cancel_1: 0.08109675622108661
2023-05-09 10:52:09,014 INFO trade_1: 0.038790170477638795
2023-05-09 10:52:09,014 INFO add_2: 0.1546492033264375
2023-05-09 10:52:09,014 INFO cancel_2: 0.10028633667164445
2023-05-09 10:52:09,014 INFO trade_2: 0.04785064825343764
2023-05-09 10:52:09,014 INFO add_3: 0.22526521534618424
2023-05-09 10:52:09,014 INFO cancel_3: 0.1571152607855763
2023-05-09 10:52:09,014 INFO trade_3: 0.07157503436496737
2023-05-09 10:52:09,014 INFO Grouping by level:
2023-05-09 10:52:09,014 INFO 1: 1.007918784507679
2023-05-09 10:52:09,014 INFO Grouping by level and horizont:
2023-05-09 10:52:09,014 INFO 1_1: 0.25117708575943154
2023-05-09 10:52:09,014 INFO 1_2: 0.3027861882515196
2023-05-09 10:52:09,014 INFO 1_3: 0.4539555104967279
2023-05-09 10:52:09,016 INFO Non empty regressions: 0.368958730071744 --- 80792 / 218973
