2023-05-09 11:08:39,372 INFO Starting...
2023-05-09 11:08:39,372 INFO Tickers: ['LLY']
2023-05-09 11:09:05,384 INFO in_r2: -0.36967410665890116 , std 0.19522671728864463 
2023-05-09 11:09:05,384 INFO os_r2: -0.11717439533375452 , std 0.17093444626328697 
2023-05-09 11:09:05,384 INFO intercept: 1.7423720063172652e-06 , std 0.00010661265990317329 
2023-05-09 11:09:05,384 INFO ofi_add_1_1: -3.933879243293026e-06 , std 6.736680246332037e-05 
2023-05-09 11:09:05,384 INFO ofi_cancel_1_1: -3.262652446612924e-06 , std 8.780736878221967e-05 
2023-05-09 11:09:05,384 INFO ofi_trade_1_1: -3.0216311786875826e-06 , std 0.00012823165657286826 
2023-05-09 11:09:05,384 INFO ofi_add_1_2: -4.14838021673643e-06 , std 6.262166598946825e-05 
2023-05-09 11:09:05,384 INFO ofi_cancel_1_2: -2.90942516385917e-06 , std 8.121253028195154e-05 
2023-05-09 11:09:05,384 INFO ofi_trade_1_2: -5.300151684688792e-06 , std 0.00012751126665379078 
2023-05-09 11:09:05,384 INFO ofi_add_1_3: -5.507033988541424e-06 , std 5.26751178573003e-05 
2023-05-09 11:09:05,384 INFO ofi_cancel_1_3: -7.26612364582538e-06 , std 7.005748898444119e-05 
2023-05-09 11:09:05,384 INFO ofi_trade_1_3: -4.402443538561459e-06 , std 0.00011026563222706907 
2023-05-09 11:09:05,384 INFO used_intercept: 0.9856831664177775 , std 0.1187933578042199 
2023-05-09 11:09:05,384 INFO used_ofi_add_1_1: 0.13390235325816424 , std 0.34054737269591445 
2023-05-09 11:09:05,384 INFO used_ofi_cancel_1_1: 0.07910107638841318 , std 0.26989645440910776 
2023-05-09 11:09:05,384 INFO used_ofi_trade_1_1: 0.0464943166509113 , std 0.21055306972370666 
2023-05-09 11:09:05,384 INFO used_ofi_add_1_2: 0.15871819813401652 , std 0.36541309735025584 
2023-05-09 11:09:05,384 INFO used_ofi_cancel_1_2: 0.09984792645668644 , std 0.29979712813665604 
2023-05-09 11:09:05,384 INFO used_ofi_trade_1_2: 0.05986126143405808 , std 0.23722961622356814 
2023-05-09 11:09:05,385 INFO used_ofi_add_1_3: 0.22197257196092668 , std 0.4155727965807891 
2023-05-09 11:09:05,385 INFO used_ofi_cancel_1_3: 0.1592296767181342 , std 0.365890129369969 
2023-05-09 11:09:05,385 INFO used_ofi_trade_1_3: 0.08212884693546693 , std 0.2745609211750965 
2023-05-09 11:09:06,064 INFO Grouping by horizont:
2023-05-09 11:09:06,065 INFO 1: 0.25949774629748873
2023-05-09 11:09:06,065 INFO 2: 0.318427386024761
2023-05-09 11:09:06,065 INFO 3: 0.4633310956145278
2023-05-09 11:09:06,065 INFO Grouping by ofi type:
2023-05-09 11:09:06,065 INFO add: 0.5145931233531075
2023-05-09 11:09:06,065 INFO cancel: 0.33817867956323383
2023-05-09 11:09:06,065 INFO trade: 0.1884844250204363
2023-05-09 11:09:06,065 INFO Grouping by ofi type and horizont:
2023-05-09 11:09:06,065 INFO add_1: 0.13390235325816424
2023-05-09 11:09:06,065 INFO cancel_1: 0.07910107638841318
2023-05-09 11:09:06,065 INFO trade_1: 0.0464943166509113
2023-05-09 11:09:06,065 INFO add_2: 0.15871819813401652
2023-05-09 11:09:06,065 INFO cancel_2: 0.09984792645668644
2023-05-09 11:09:06,065 INFO trade_2: 0.05986126143405808
2023-05-09 11:09:06,065 INFO add_3: 0.22197257196092668
2023-05-09 11:09:06,065 INFO cancel_3: 0.1592296767181342
2023-05-09 11:09:06,065 INFO trade_3: 0.08212884693546693
2023-05-09 11:09:06,065 INFO Grouping by level:
2023-05-09 11:09:06,065 INFO 1: 1.0412562279367776
2023-05-09 11:09:06,065 INFO Grouping by level and horizont:
2023-05-09 11:09:06,065 INFO 1_1: 0.25949774629748873
2023-05-09 11:09:06,065 INFO 1_2: 0.318427386024761
2023-05-09 11:09:06,065 INFO 1_3: 0.4633310956145278
2023-05-09 11:09:06,069 INFO Non empty regressions: 0.37368534020176003 --- 81827 / 218973
