2023-05-13 12:30:18,690 INFO Starting...
2023-05-13 12:30:18,690 INFO Tickers: ['COST']
2023-05-13 12:30:20,025 INFO in_r2: 0.8616869514095741 , std 0.05333266735800561 
2023-05-13 12:30:20,025 INFO os_r2: 0.7092636505650747 , std 0.642101994313683 
2023-05-13 12:30:20,025 INFO intercept: 3.375323905433652e-07 , std 7.841470276512006e-06 
2023-05-13 12:30:20,025 INFO ofi_add_1: 5.769734524235671e-05 , std 4.736032013965449e-05 
2023-05-13 12:30:20,025 INFO ofi_add_2: 6.9866755387761e-05 , std 5.173756501287133e-05 
2023-05-13 12:30:20,025 INFO ofi_add_3: 5.4439807357142415e-05 , std 5.0809469510413445e-05 
2023-05-13 12:30:20,025 INFO ofi_add_4: 3.525246770433862e-05 , std 4.940619738834123e-05 
2023-05-13 12:30:20,025 INFO ofi_add_5: 2.4421099861123018e-05 , std 4.804658498460733e-05 
2023-05-13 12:30:20,025 INFO ofi_add_6: 1.8828881753705302e-05 , std 4.859289363473417e-05 
2023-05-13 12:30:20,025 INFO ofi_add_7: 1.988357290284591e-05 , std 5.1026161969318026e-05 
2023-05-13 12:30:20,025 INFO ofi_add_8: 1.5809647851240814e-05 , std 5.184742444381208e-05 
2023-05-13 12:30:20,025 INFO ofi_add_9: 1.254621851904677e-05 , std 5.140096051532545e-05 
2023-05-13 12:30:20,025 INFO ofi_add_10: 1.4772549765093472e-05 , std 4.524722266054205e-05 
2023-05-13 12:30:20,025 INFO ofi_cancel_1: 7.954980584524425e-05 , std 6.449837879146283e-05 
2023-05-13 12:30:20,025 INFO ofi_cancel_2: 7.941799984515302e-05 , std 5.550000498715505e-05 
2023-05-13 12:30:20,025 INFO ofi_cancel_3: 5.6041918819282256e-05 , std 5.270722971269349e-05 
2023-05-13 12:30:20,025 INFO ofi_cancel_4: 3.590355769683795e-05 , std 5.208556784819078e-05 
2023-05-13 12:30:20,025 INFO ofi_cancel_5: 2.243304636387857e-05 , std 5.093440557333877e-05 
2023-05-13 12:30:20,025 INFO ofi_cancel_6: 1.548908486490625e-05 , std 5.101823448931755e-05 
2023-05-13 12:30:20,025 INFO ofi_cancel_7: 1.4715926840959093e-05 , std 5.309680184507098e-05 
2023-05-13 12:30:20,025 INFO ofi_cancel_8: 1.175002251249476e-05 , std 5.395090041176707e-05 
2023-05-13 12:30:20,025 INFO ofi_cancel_9: 8.704265283278697e-06 , std 5.349963409515313e-05 
2023-05-13 12:30:20,025 INFO ofi_cancel_10: 1.2190038738588435e-05 , std 4.7107631242780765e-05 
2023-05-13 12:30:20,025 INFO ofi_trade_1: 6.221573706165046e-05 , std 0.00011043532104085684 
2023-05-13 12:30:20,025 INFO ofi_trade_2: 5.5187914263916404e-05 , std 0.00010685370430515414 
2023-05-13 12:30:20,025 INFO ofi_trade_3: 4.903447459912234e-05 , std 0.00010696968190416456 
2023-05-13 12:30:20,025 INFO ofi_trade_4: 3.4870923344614516e-05 , std 0.0001059650822906169 
2023-05-13 12:30:20,025 INFO ofi_trade_5: 3.1820987552033933e-05 , std 0.00010465059512898976 
2023-05-13 12:30:20,025 INFO ofi_trade_6: 2.906152225164338e-05 , std 0.00010676136911462883 
2023-05-13 12:30:20,025 INFO ofi_trade_7: 3.970324162240139e-05 , std 0.00010847019848759781 
2023-05-13 12:30:20,025 INFO ofi_trade_8: 4.479880783890995e-05 , std 0.00011455909522138046 
2023-05-13 12:30:20,026 INFO ofi_trade_9: 4.3938679352886424e-05 , std 0.00011478647657771465 
2023-05-13 12:30:20,026 INFO ofi_trade_10: 5.621981568985483e-05 , std 0.00010786379479218548 
2023-05-13 12:30:20,026 INFO t_intercept: 0.005271393998747744 , std 1.0767222648475538 
2023-05-13 12:30:20,026 INFO t_ofi_add_1: 2.040769771780766 , std 1.5427363777662797 
2023-05-13 12:30:20,026 INFO t_ofi_add_2: 2.062512050310304 , std 1.3788473810519142 
2023-05-13 12:30:20,026 INFO t_ofi_add_3: 1.5312027053242234 , std 1.3198770836023273 
2023-05-13 12:30:20,026 INFO t_ofi_add_4: 1.0012397390249197 , std 1.2647480962265387 
2023-05-13 12:30:20,026 INFO t_ofi_add_5: 0.7144462227369462 , std 1.2413139879753918 
2023-05-13 12:30:20,026 INFO t_ofi_add_6: 0.5241600555925933 , std 1.21203661455573 
2023-05-13 12:30:20,026 INFO t_ofi_add_7: 0.557994907582218 , std 1.228275415303723 
2023-05-13 12:30:20,026 INFO t_ofi_add_8: 0.4243923495516114 , std 1.2078010261594812 
2023-05-13 12:30:20,026 INFO t_ofi_add_9: 0.3568209970593311 , std 1.203780312219436 
2023-05-13 12:30:20,026 INFO t_ofi_add_10: 0.51034425448583 , std 1.2902330777764883 
2023-05-13 12:30:20,026 INFO t_ofi_cancel_1: 2.1262482720590175 , std 1.4700861405905803 
2023-05-13 12:30:20,026 INFO t_ofi_cancel_2: 2.228080698355823 , std 1.3933538350922767 
2023-05-13 12:30:20,026 INFO t_ofi_cancel_3: 1.4943588891401092 , std 1.3152769358688177 
2023-05-13 12:30:20,026 INFO t_ofi_cancel_4: 0.960211427061347 , std 1.2775300986028548 
2023-05-13 12:30:20,026 INFO t_ofi_cancel_5: 0.6202302133288125 , std 1.254054674968775 
2023-05-13 12:30:20,026 INFO t_ofi_cancel_6: 0.4054346302573682 , std 1.2191936194370807 
2023-05-13 12:30:20,026 INFO t_ofi_cancel_7: 0.3839111505229256 , std 1.2315423158621597 
2023-05-13 12:30:20,026 INFO t_ofi_cancel_8: 0.2956184766222589 , std 1.207802388702483 
2023-05-13 12:30:20,026 INFO t_ofi_cancel_9: 0.2340828491954576 , std 1.2030634042451005 
2023-05-13 12:30:20,026 INFO t_ofi_cancel_10: 0.37993778585090054 , std 1.285539824870872 
2023-05-13 12:30:20,026 INFO t_ofi_trade_1: 0.967359715320391 , std 1.4874988361053751 
2023-05-13 12:30:20,026 INFO t_ofi_trade_2: 0.8060263322058493 , std 1.382380751105112 
2023-05-13 12:30:20,026 INFO t_ofi_trade_3: 0.744550509925484 , std 1.3563070086753721 
2023-05-13 12:30:20,026 INFO t_ofi_trade_4: 0.5696550310278575 , std 1.3502822246025328 
2023-05-13 12:30:20,026 INFO t_ofi_trade_5: 0.5177220996160619 , std 1.3296970083244022 
2023-05-13 12:30:20,026 INFO t_ofi_trade_6: 0.4463362241787558 , std 1.3559513809476245 
2023-05-13 12:30:20,026 INFO t_ofi_trade_7: 0.6149301518564056 , std 1.3400254963805518 
2023-05-13 12:30:20,026 INFO t_ofi_trade_8: 0.6460608461592452 , std 1.3551067274891635 
2023-05-13 12:30:20,026 INFO t_ofi_trade_9: 0.6595413071300229 , std 1.3708072441092596 
2023-05-13 12:30:20,026 INFO t_ofi_trade_10: 0.9052753531490921 , std 1.3983990573799847 
2023-05-13 12:30:20,027 INFO Grouping by ofi type:
2023-05-13 12:30:20,027 INFO add: 9.723883053448743
2023-05-13 12:30:20,027 INFO cancel: 9.128114392394021
2023-05-13 12:30:20,027 INFO trade: 6.877457570569165
2023-05-13 12:30:20,027 INFO Grouping by level:
2023-05-13 12:30:20,027 INFO 1: 5.134377759160175
2023-05-13 12:30:20,027 INFO 2: 5.096619080871976
2023-05-13 12:30:20,027 INFO 3: 3.7701121043898165
2023-05-13 12:30:20,027 INFO 4: 2.5311061971141244
2023-05-13 12:30:20,028 INFO 5: 1.8523985356818204
2023-05-13 12:30:20,028 INFO 6: 1.3759309100287174
2023-05-13 12:30:20,028 INFO 7: 1.5568362099615494
2023-05-13 12:30:20,028 INFO 8: 1.3660716723331154
2023-05-13 12:30:20,028 INFO 9: 1.2504451533848115
2023-05-13 12:30:20,028 INFO 10: 1.7955573934858227
2023-05-13 12:30:20,028 INFO Non empty regressions: 1.0 --- 5304 / 5304
