2023-05-13 12:31:15,761 INFO Starting...
2023-05-13 12:31:15,761 INFO Tickers: ['INTU']
2023-05-13 12:31:17,012 INFO in_r2: 0.8507225879538207 , std 0.07119147823824315 
2023-05-13 12:31:17,012 INFO os_r2: 0.6795595494263605 , std 0.3552157602257293 
2023-05-13 12:31:17,012 INFO intercept: 9.977080758094215e-07 , std 1.3575844965670447e-05 
2023-05-13 12:31:17,012 INFO ofi_add_1: 5.723862402695699e-05 , std 5.3422783911601476e-05 
2023-05-13 12:31:17,013 INFO ofi_add_2: 8.740117493740114e-05 , std 7.656939298075337e-05 
2023-05-13 12:31:17,013 INFO ofi_add_3: 7.317870297080393e-05 , std 7.962406798046651e-05 
2023-05-13 12:31:17,013 INFO ofi_add_4: 4.669195779173692e-05 , std 8.447615249243882e-05 
2023-05-13 12:31:17,013 INFO ofi_add_5: 3.568296701098666e-05 , std 8.699242844702156e-05 
2023-05-13 12:31:17,013 INFO ofi_add_6: 3.0376718895929936e-05 , std 9.257288410073828e-05 
2023-05-13 12:31:17,013 INFO ofi_add_7: 3.0597881847099946e-05 , std 0.00010175252871257165 
2023-05-13 12:31:17,013 INFO ofi_add_8: 2.8178005626215927e-05 , std 0.00010383882591705047 
2023-05-13 12:31:17,013 INFO ofi_add_9: 2.5556178303242827e-05 , std 0.00010595758394148368 
2023-05-13 12:31:17,013 INFO ofi_add_10: 1.830500233659975e-05 , std 9.715815714352812e-05 
2023-05-13 12:31:17,013 INFO ofi_cancel_1: 8.907103740428262e-05 , std 7.815077289854538e-05 
2023-05-13 12:31:17,013 INFO ofi_cancel_2: 0.00010006780983266709 , std 8.217996177753432e-05 
2023-05-13 12:31:17,013 INFO ofi_cancel_3: 7.403670913457957e-05 , std 8.091108083350878e-05 
2023-05-13 12:31:17,013 INFO ofi_cancel_4: 4.538837324472605e-05 , std 8.712313196869033e-05 
2023-05-13 12:31:17,013 INFO ofi_cancel_5: 3.269886483991425e-05 , std 9.025510556715702e-05 
2023-05-13 12:31:17,013 INFO ofi_cancel_6: 2.3943501961443935e-05 , std 9.413877872245865e-05 
2023-05-13 12:31:17,013 INFO ofi_cancel_7: 2.5810936070604542e-05 , std 0.0001074407295671688 
2023-05-13 12:31:17,013 INFO ofi_cancel_8: 2.3711153063293875e-05 , std 0.00010777188673183131 
2023-05-13 12:31:17,013 INFO ofi_cancel_9: 2.23200960529107e-05 , std 0.00010928418981605436 
2023-05-13 12:31:17,013 INFO ofi_cancel_10: 2.118877851209247e-05 , std 0.00010094372573161692 
2023-05-13 12:31:17,013 INFO ofi_trade_1: 0.00012445959944977993 , std 0.00019174528739944295 
2023-05-13 12:31:17,013 INFO ofi_trade_2: 7.270681324862512e-05 , std 0.0002010024436194882 
2023-05-13 12:31:17,013 INFO ofi_trade_3: 5.76191517306097e-05 , std 0.000209893368897778 
2023-05-13 12:31:17,013 INFO ofi_trade_4: 4.0366196142319725e-05 , std 0.0002213848756954451 
2023-05-13 12:31:17,013 INFO ofi_trade_5: 3.83624837551489e-05 , std 0.00023831808866930124 
2023-05-13 12:31:17,013 INFO ofi_trade_6: 4.7053458821785366e-05 , std 0.00024989202672321244 
2023-05-13 12:31:17,013 INFO ofi_trade_7: 6.972251194934372e-05 , std 0.000261559869497687 
2023-05-13 12:31:17,013 INFO ofi_trade_8: 8.834591034364252e-05 , std 0.0002823990328633079 
2023-05-13 12:31:17,013 INFO ofi_trade_9: 9.880429045364399e-05 , std 0.00027231176076787845 
2023-05-13 12:31:17,013 INFO ofi_trade_10: 0.00012280950827527908 , std 0.0002574425809603073 
2023-05-13 12:31:17,013 INFO t_intercept: 0.04518422498775608 , std 1.0876487112154833 
2023-05-13 12:31:17,013 INFO t_ofi_add_1: 1.9094532034196243 , std 1.553385512259317 
2023-05-13 12:31:17,014 INFO t_ofi_add_2: 2.0496525494243447 , std 1.4086141098354537 
2023-05-13 12:31:17,014 INFO t_ofi_add_3: 1.5833272689359708 , std 1.3739813430247123 
2023-05-13 12:31:17,014 INFO t_ofi_add_4: 0.96676965400472 , std 1.3252321132770841 
2023-05-13 12:31:17,014 INFO t_ofi_add_5: 0.6959923995010124 , std 1.2929901472651515 
2023-05-13 12:31:17,014 INFO t_ofi_add_6: 0.5223867909980978 , std 1.2781531414833947 
2023-05-13 12:31:17,014 INFO t_ofi_add_7: 0.5249875500100252 , std 1.2836590869013056 
2023-05-13 12:31:17,014 INFO t_ofi_add_8: 0.4560273746471183 , std 1.2396130050336962 
2023-05-13 12:31:17,014 INFO t_ofi_add_9: 0.4398106182500537 , std 1.2747012000323177 
2023-05-13 12:31:17,014 INFO t_ofi_add_10: 0.43976171342874076 , std 1.4130420738630907 
2023-05-13 12:31:17,014 INFO t_ofi_cancel_1: 2.1634086342978955 , std 1.4905685530146924 
2023-05-13 12:31:17,014 INFO t_ofi_cancel_2: 2.2645273355356146 , std 1.4597012303015522 
2023-05-13 12:31:17,014 INFO t_ofi_cancel_3: 1.55903291717439 , std 1.3799620703452518 
2023-05-13 12:31:17,014 INFO t_ofi_cancel_4: 0.9188006106590373 , std 1.3374374984676345 
2023-05-13 12:31:17,014 INFO t_ofi_cancel_5: 0.6253849755592417 , std 1.3176510287772072 
2023-05-13 12:31:17,014 INFO t_ofi_cancel_6: 0.3887607311994651 , std 1.249644539741478 
2023-05-13 12:31:17,014 INFO t_ofi_cancel_7: 0.4052480308207831 , std 1.3024538076406575 
2023-05-13 12:31:17,014 INFO t_ofi_cancel_8: 0.33016494931274126 , std 1.2508728465101568 
2023-05-13 12:31:17,014 INFO t_ofi_cancel_9: 0.34552385365821353 , std 1.2565826508391984 
2023-05-13 12:31:17,014 INFO t_ofi_cancel_10: 0.4373599251325432 , std 1.3917368512209927 
2023-05-13 12:31:17,014 INFO t_ofi_trade_1: 1.3229052258770948 , std 1.5682613125775564 
2023-05-13 12:31:17,014 INFO t_ofi_trade_2: 0.6682291414266129 , std 1.4346255911394215 
2023-05-13 12:31:17,014 INFO t_ofi_trade_3: 0.6097716224067378 , std 1.4568426966151267 
2023-05-13 12:31:17,014 INFO t_ofi_trade_4: 0.4379453108214331 , std 1.4151025766836762 
2023-05-13 12:31:17,014 INFO t_ofi_trade_5: 0.4091102615217603 , std 1.4268967768062306 
2023-05-13 12:31:17,014 INFO t_ofi_trade_6: 0.3855792767057166 , std 1.4159722408471345 
2023-05-13 12:31:17,014 INFO t_ofi_trade_7: 0.5262742690854094 , std 1.4301319840737585 
2023-05-13 12:31:17,014 INFO t_ofi_trade_8: 0.6079560927655419 , std 1.429473130719298 
2023-05-13 12:31:17,014 INFO t_ofi_trade_9: 0.684046594662728 , std 1.4585493723585683 
2023-05-13 12:31:17,014 INFO t_ofi_trade_10: 0.9576305166277701 , std 1.5034843052556275 
2023-05-13 12:31:17,015 INFO Grouping by ofi type:
2023-05-13 12:31:17,015 INFO add: 9.588169122619707
2023-05-13 12:31:17,015 INFO cancel: 9.438211963349927
2023-05-13 12:31:17,015 INFO trade: 6.609448311900804
2023-05-13 12:31:17,015 INFO Grouping by level:
2023-05-13 12:31:17,015 INFO 1: 5.395767063594615
2023-05-13 12:31:17,015 INFO 2: 4.982409026386572
2023-05-13 12:31:17,015 INFO 3: 3.752131808517099
2023-05-13 12:31:17,015 INFO 4: 2.3235155754851906
2023-05-13 12:31:17,015 INFO 5: 1.7304876365820143
2023-05-13 12:31:17,015 INFO 6: 1.2967267989032796
2023-05-13 12:31:17,015 INFO 7: 1.4565098499162177
2023-05-13 12:31:17,015 INFO 8: 1.3941484167254015
2023-05-13 12:31:17,015 INFO 9: 1.4693810665709952
2023-05-13 12:31:17,015 INFO 10: 1.834752155189054
2023-05-13 12:31:17,015 INFO Non empty regressions: 1.0 --- 2953 / 2953
