2023-05-13 15:41:59,115 INFO Starting...
2023-05-13 15:41:59,115 INFO Tickers: ['PEP']
2023-05-13 15:42:02,020 INFO in_r2: 0.910935059043024 , std 0.05000944881456157 
2023-05-13 15:42:02,021 INFO os_r2: 0.8771332132733888 , std 0.09973189077660861 
2023-05-13 15:42:02,021 INFO intercept: 3.892154556367595e-08 , std 4.500217509710573e-06 
2023-05-13 15:42:02,021 INFO ofi_add_1: 5.424790465221484e-05 , std 4.489817628255366e-05 
2023-05-13 15:42:02,021 INFO ofi_add_2: 6.911895492346159e-05 , std 4.787139193851875e-05 
2023-05-13 15:42:02,021 INFO ofi_add_3: 6.310655289270077e-05 , std 4.354156120461138e-05 
2023-05-13 15:42:02,021 INFO ofi_add_4: 6.005582241864117e-05 , std 4.094755371915764e-05 
2023-05-13 15:42:02,021 INFO ofi_add_5: 5.3431798726588284e-05 , std 3.813080003149615e-05 
2023-05-13 15:42:02,021 INFO ofi_add_6: 7.39792431085496e-05 , std 4.5149189030487475e-05 
2023-05-13 15:42:02,021 INFO ofi_cancel_1: 4.2158079206931783e-05 , std 4.68425857650269e-05 
2023-05-13 15:42:02,021 INFO ofi_cancel_2: 6.98316114655222e-05 , std 5.114043069629609e-05 
2023-05-13 15:42:02,021 INFO ofi_cancel_3: 6.113923895930776e-05 , std 4.520981366668211e-05 
2023-05-13 15:42:02,021 INFO ofi_cancel_4: 5.868608156650585e-05 , std 4.341786202058534e-05 
2023-05-13 15:42:02,021 INFO ofi_cancel_5: 4.969055483082231e-05 , std 4.0183943718023566e-05 
2023-05-13 15:42:02,021 INFO ofi_cancel_6: 7.087985437863979e-05 , std 4.898773159120524e-05 
2023-05-13 15:42:02,021 INFO ofi_trade_1: 3.752803895595603e-05 , std 6.99788025627531e-05 
2023-05-13 15:42:02,021 INFO ofi_trade_2: 6.232162180904357e-05 , std 6.895822033594186e-05 
2023-05-13 15:42:02,021 INFO ofi_trade_3: 6.852270561923164e-05 , std 6.413603371144279e-05 
2023-05-13 15:42:02,021 INFO ofi_trade_4: 6.687845955874545e-05 , std 5.934239648927239e-05 
2023-05-13 15:42:02,021 INFO ofi_trade_5: 6.27497319571051e-05 , std 5.64608140216037e-05 
2023-05-13 15:42:02,021 INFO ofi_trade_6: 7.845507714472903e-05 , std 6.121860552119447e-05 
2023-05-13 15:42:02,021 INFO used_intercept: 0.9998479087452471 , std 0.012331590449049114 
2023-05-13 15:42:02,021 INFO used_ofi_add_1: 0.8976425855513308 , std 0.303117756253329 
2023-05-13 15:42:02,021 INFO used_ofi_add_2: 0.9222813688212927 , std 0.2677283054636086 
2023-05-13 15:42:02,021 INFO used_ofi_add_3: 0.9204562737642585 , std 0.2705855167082578 
2023-05-13 15:42:02,022 INFO used_ofi_add_4: 0.9276045627376426 , std 0.25914154033259407 
2023-05-13 15:42:02,022 INFO used_ofi_add_5: 0.9242585551330799 , std 0.2645839722968711 
2023-05-13 15:42:02,022 INFO used_ofi_add_6: 0.9628897338403042 , std 0.1890319928087633 
2023-05-13 15:42:02,022 INFO used_ofi_cancel_1: 0.6874524714828897 , std 0.46353162883988447 
2023-05-13 15:42:02,022 INFO used_ofi_cancel_2: 0.8833460076045627 , std 0.3210075364436831 
2023-05-13 15:42:02,022 INFO used_ofi_cancel_3: 0.8886692015209126 , std 0.31454133558102704 
2023-05-13 15:42:02,022 INFO used_ofi_cancel_4: 0.9011406844106464 , std 0.2984730328028953 
2023-05-13 15:42:02,022 INFO used_ofi_cancel_5: 0.8693536121673003 , std 0.3370132181071945 
2023-05-13 15:42:02,022 INFO used_ofi_cancel_6: 0.9130038022813688 , std 0.28182948621663423 
2023-05-13 15:42:02,022 INFO used_ofi_trade_1: 0.3590874524714829 , std 0.4797328985477475 
2023-05-13 15:42:02,022 INFO used_ofi_trade_2: 0.6602281368821292 , std 0.4736316545072569 
2023-05-13 15:42:02,022 INFO used_ofi_trade_3: 0.7800760456273764 , std 0.41419489212897315 
2023-05-13 15:42:02,022 INFO used_ofi_trade_4: 0.8114068441064639 , std 0.39118509358569953 
2023-05-13 15:42:02,022 INFO used_ofi_trade_5: 0.8155133079847908 , std 0.3878805904972489 
2023-05-13 15:42:02,022 INFO used_ofi_trade_6: 0.8655513307984791 , std 0.34113373411531867 
2023-05-13 15:42:02,023 INFO Grouping by ofi type:
2023-05-13 15:42:02,023 INFO add: 5.555133079847909
2023-05-13 15:42:02,023 INFO cancel: 5.142965779467681
2023-05-13 15:42:02,023 INFO trade: 4.291863117870722
2023-05-13 15:42:02,023 INFO Grouping by level:
2023-05-13 15:42:02,023 INFO 1: 1.9441825095057033
2023-05-13 15:42:02,023 INFO 2: 2.465855513307985
2023-05-13 15:42:02,023 INFO 3: 2.5892015209125474
2023-05-13 15:42:02,023 INFO 4: 2.6401520912547527
2023-05-13 15:42:02,023 INFO 5: 2.609125475285171
2023-05-13 15:42:02,023 INFO 6: 2.741444866920152
2023-05-13 15:42:02,023 INFO Non empty regressions: 1.0 --- 6575 / 6575
