2023-04-21 10:04:25,989 INFO Tickers: ['HON']
2023-04-21 10:05:33,030 INFO in_r2: 0.8579321179789214 , std 0.0625032088952391 
2023-04-21 10:05:33,030 INFO os_r2: 0.8290167950612176 , std 0.08551056172926388 
2023-04-21 10:05:33,030 INFO intercept: 2.79437588678303e-08 , std 7.221703790685489e-06 
2023-04-21 10:05:33,030 INFO ofi_1: 9.1932945504403e-05 , std 6.965548382158589e-05 
2023-04-21 10:05:33,030 INFO ofi_2: 0.00010418311826075655 , std 7.606416951878117e-05 
2023-04-21 10:05:33,030 INFO ofi_3: 6.755856391957104e-05 , std 6.38091034783876e-05 
2023-04-21 10:05:33,030 INFO ofi_4: 4.563151672372083e-05 , std 6.277657966210695e-05 
2023-04-21 10:05:33,030 INFO ofi_5: 3.348251554298437e-05 , std 6.32560582111871e-05 
2023-04-21 10:05:33,030 INFO ofi_6: 2.7350980612582232e-05 , std 6.531364940670142e-05 
2023-04-21 10:05:33,030 INFO ofi_7: 2.4685410676918794e-05 , std 6.749649445607962e-05 
2023-04-21 10:05:33,030 INFO ofi_8: 2.4769672564898115e-05 , std 6.943339980121646e-05 
2023-04-21 10:05:33,030 INFO ofi_9: 3.231755277043881e-05 , std 6.396589978605215e-05 
2023-04-21 10:05:33,030 INFO t_intercept: 0.011322644883118814 , std 1.0225501635886236 
2023-04-21 10:05:33,030 INFO t_ofi_1: 2.7199280623092768 , std 1.6899763437631354 
2023-04-21 10:05:33,030 INFO t_ofi_2: 2.578661499265628 , std 1.4777056063578085 
2023-04-21 10:05:33,030 INFO t_ofi_3: 1.6212177967606882 , std 1.2960014681523835 
2023-04-21 10:05:33,030 INFO t_ofi_4: 1.0729446668745826 , std 1.2595537509912735 
2023-04-21 10:05:33,030 INFO t_ofi_5: 0.7453582234268552 , std 1.2269624992799186 
2023-04-21 10:05:33,030 INFO t_ofi_6: 0.6068798722961797 , std 1.2367265978182944 
2023-04-21 10:05:33,030 INFO t_ofi_7: 0.5197324419309366 , std 1.2330930589075357 
2023-04-21 10:05:33,030 INFO t_ofi_8: 0.5283290660348148 , std 1.2328391358984854 
2023-04-21 10:05:33,030 INFO t_ofi_9: 0.775318836614828 , std 1.3450335445783657 
2023-04-21 10:05:33,030 INFO p_intercept: 0.5024255259653851 , std 0.2897021856508735 
2023-04-21 10:05:33,030 INFO p_ofi_1: 0.1160229420351414 , std 0.2197104570626205 
2023-04-21 10:05:33,030 INFO p_ofi_2: 0.11480775731696284 , std 0.2141963683912034 
2023-04-21 10:05:33,031 INFO p_ofi_3: 0.23546430967697393 , std 0.280762033920072 
2023-04-21 10:05:33,031 INFO p_ofi_4: 0.3341276195676123 , std 0.30482031821307853 
2023-04-21 10:05:33,031 INFO p_ofi_5: 0.38546193725276556 , std 0.3079371989084083 
2023-04-21 10:05:33,031 INFO p_ofi_6: 0.40212426667173956 , std 0.305770843046641 
2023-04-21 10:05:33,031 INFO p_ofi_7: 0.41789486287110433 , std 0.3070918397545111 
2023-04-21 10:05:33,031 INFO p_ofi_8: 0.40872680534740286 , std 0.30342907631639815 
2023-04-21 10:05:33,031 INFO p_ofi_9: 0.3661039910761161 , std 0.30560155921310495 
