2023-04-21 10:10:12,061 INFO Tickers: ['SPGI']
2023-04-21 10:10:31,834 INFO Negative OS: -0.0399476095741631 --- ticker SPGI --- day 2018-02-06 --- time 37800
2023-04-21 10:10:32,072 INFO Negative OS: -0.45977322341541704 --- ticker SPGI --- day 2018-02-09 --- time 52200
2023-04-21 10:10:45,627 INFO Negative OS: -0.3627959112205559 --- ticker SPGI --- day 2018-10-10 --- time 48600
2023-04-21 10:10:45,692 INFO Negative OS: -0.5526399697246691 --- ticker SPGI --- day 2018-10-11 --- time 41400
2023-04-21 10:10:45,709 INFO Negative OS: -0.10235078396097452 --- ticker SPGI --- day 2018-10-11 --- time 50400
2023-04-21 10:10:46,392 INFO Negative OS: -0.2716690973758382 --- ticker SPGI --- day 2018-10-25 --- time 37800
2023-04-21 10:10:48,383 INFO Negative OS: -0.24435669281389139 --- ticker SPGI --- day 2018-12-07 --- time 43200
2023-04-21 10:10:48,403 INFO Negative OS: -0.23470582584615274 --- ticker SPGI --- day 2018-12-07 --- time 52200
2023-04-21 10:10:48,607 INFO Negative OS: -0.848914967461766 --- ticker SPGI --- day 2018-12-12 --- time 41400
2023-04-21 10:10:48,626 INFO Negative OS: -0.3509589413796188 --- ticker SPGI --- day 2018-12-12 --- time 50400
2023-04-21 10:10:48,835 INFO Negative OS: -0.45275707165465695 --- ticker SPGI --- day 2018-12-17 --- time 43200
2023-04-21 10:10:48,925 INFO Negative OS: -0.8984720785276219 --- ticker SPGI --- day 2018-12-18 --- time 50400
2023-04-21 10:10:49,058 INFO Negative OS: -1.3883803797397758 --- ticker SPGI --- day 2018-12-20 --- time 41400
2023-04-21 10:10:49,691 INFO Negative OS: -0.10819366457541957 --- ticker SPGI --- day 2019-01-04 --- time 52200
2023-04-21 10:10:53,227 INFO Negative OS: -0.2887615249903914 --- ticker SPGI --- day 2019-03-19 --- time 45000
2023-04-21 10:11:00,180 INFO Negative OS: -1.6909111441192732 --- ticker SPGI --- day 2019-08-01 --- time 37800
2023-04-21 10:11:03,382 INFO Negative OS: -0.23514653957787557 --- ticker SPGI --- day 2019-10-03 --- time 36000
2023-04-21 10:11:07,046 INFO in_r2: 0.7519224420541333 , std 0.12729562430996758 
2023-04-21 10:11:07,046 INFO os_r2: 0.6621666220125878 , std 0.2501188976508922 
2023-04-21 10:11:07,046 INFO intercept: 1.5841151411002403e-07 , std 1.7186750124496438e-05 
2023-04-21 10:11:07,046 INFO ofi_1: 0.00012378554759030194 , std 0.00016610221693513013 
2023-04-21 10:11:07,046 INFO ofi_2: 0.00012144024463876896 , std 0.0001375222914829299 
2023-04-21 10:11:07,046 INFO ofi_3: 9.082100289143932e-05 , std 0.00013933708332961777 
2023-04-21 10:11:07,046 INFO ofi_4: 5.510500146418819e-05 , std 0.00014951117316597192 
2023-04-21 10:11:07,046 INFO ofi_5: 6.085804540999676e-05 , std 0.000229158064834764 
2023-04-21 10:11:07,046 INFO ofi_6: 5.102809861825649e-05 , std 0.000201398273044898 
2023-04-21 10:11:07,046 INFO ofi_7: 2.64174291995835e-05 , std 0.00019964736243185634 
2023-04-21 10:11:07,046 INFO ofi_8: 2.5065506859714124e-05 , std 0.00018317457907073207 
2023-04-21 10:11:07,046 INFO ofi_9: 6.536762354619263e-05 , std 0.00018872220878574168 
2023-04-21 10:11:07,046 INFO t_intercept: 0.059898437440008424 , std 1.3677523946731258 
2023-04-21 10:11:07,046 INFO t_ofi_1: 3.448730446480925 , std 1.8758126712336292 
2023-04-21 10:11:07,046 INFO t_ofi_2: 2.79050628044008 , std 1.7096551846433508 
2023-04-21 10:11:07,046 INFO t_ofi_3: 1.8190408999241097 , std 1.450340964687522 
2023-04-21 10:11:07,046 INFO t_ofi_4: 1.0763393404917254 , std 1.3388073950585522 
2023-04-21 10:11:07,046 INFO t_ofi_5: 0.7785362552197529 , std 1.285892430781388 
2023-04-21 10:11:07,046 INFO t_ofi_6: 0.6022618846220906 , std 1.2667087597483941 
2023-04-21 10:11:07,046 INFO t_ofi_7: 0.4939298952696073 , std 1.2968445792799153 
2023-04-21 10:11:07,046 INFO t_ofi_8: 0.36282443832719824 , std 1.3172273234369718 
2023-04-21 10:11:07,046 INFO t_ofi_9: 0.862977810514353 , std 1.5974653892830488 
2023-04-21 10:11:07,046 INFO p_intercept: 0.4097809723819062 , std 0.309655800510995 
2023-04-21 10:11:07,046 INFO p_ofi_1: 0.07346513106024193 , std 0.1869327090925763 
2023-04-21 10:11:07,046 INFO p_ofi_2: 0.11286447962169129 , std 0.2199730503805156 
2023-04-21 10:11:07,046 INFO p_ofi_3: 0.21060526015282072 , std 0.27408184911673594 
2023-04-21 10:11:07,047 INFO p_ofi_4: 0.32072454095028025 , std 0.3114082544898319 
2023-04-21 10:11:07,047 INFO p_ofi_5: 0.36697287167016424 , std 0.29984793973255164 
2023-04-21 10:11:07,047 INFO p_ofi_6: 0.3950835409780551 , std 0.30811650498427434 
2023-04-21 10:11:07,047 INFO p_ofi_7: 0.39745242731281694 , std 0.30850489366632816 
2023-04-21 10:11:07,047 INFO p_ofi_8: 0.41962615425151206 , std 0.31068376420297683 
2023-04-21 10:11:07,047 INFO p_ofi_9: 0.32887368078499096 , std 0.30892253569796435 
