2023-05-13 15:32:59,527 INFO Starting...
2023-05-13 15:32:59,527 INFO Tickers: ['AMZN']
2023-05-13 15:33:02,031 INFO in_r2: 0.7210794965289535 , std 0.12190135276204558 
2023-05-13 15:33:02,031 INFO os_r2: 0.609257112252175 , std 0.5007463929252233 
2023-05-13 15:33:02,031 INFO intercept: 7.359379639481893e-07 , std 1.4914201702849655e-05 
2023-05-13 15:33:02,032 INFO ofi_add_1: 2.8889106730014946e-05 , std 3.145573167285886e-05 
2023-05-13 15:33:02,032 INFO ofi_add_2: 3.425161130869226e-05 , std 3.2547495866790146e-05 
2023-05-13 15:33:02,032 INFO ofi_add_3: 3.9079995518153864e-05 , std 3.497352068853655e-05 
2023-05-13 15:33:02,032 INFO ofi_add_4: 8.96146688129195e-05 , std 5.787756010664802e-05 
2023-05-13 15:33:02,032 INFO ofi_cancel_1: 2.4669191245384103e-05 , std 3.721562973696917e-05 
2023-05-13 15:33:02,032 INFO ofi_cancel_2: 3.207199650342202e-05 , std 3.399672108517214e-05 
2023-05-13 15:33:02,032 INFO ofi_cancel_3: 3.6915967571521766e-05 , std 3.602414358724338e-05 
2023-05-13 15:33:02,032 INFO ofi_cancel_4: 8.80284578856273e-05 , std 5.9392873647289864e-05 
2023-05-13 15:33:02,032 INFO ofi_trade_1: 4.642089671100862e-05 , std 4.503301526409942e-05 
2023-05-13 15:33:02,032 INFO ofi_trade_2: 3.278026873421633e-05 , std 4.429848397487191e-05 
2023-05-13 15:33:02,032 INFO ofi_trade_3: 3.572272623080824e-05 , std 4.7398964341972056e-05 
2023-05-13 15:33:02,032 INFO ofi_trade_4: 9.370438890160749e-05 , std 6.705427614844714e-05 
2023-05-13 15:33:02,032 INFO used_intercept: 1.0 , std 0.0 
2023-05-13 15:33:02,032 INFO used_ofi_add_1: 0.8797265852239674 , std 0.325280986954579 
2023-05-13 15:33:02,032 INFO used_ofi_add_2: 0.9139034322280396 , std 0.2805065931308009 
2023-05-13 15:33:02,032 INFO used_ofi_add_3: 0.932955206515416 , std 0.25009955847860577 
2023-05-13 15:33:02,032 INFO used_ofi_add_4: 0.9885107620709715 , std 0.10657033049042626 
2023-05-13 15:33:02,032 INFO used_ofi_cancel_1: 0.6929901105293775 , std 0.46125352815762677 
2023-05-13 15:33:02,032 INFO used_ofi_cancel_2: 0.8346422338568935 , std 0.371503129622441 
2023-05-13 15:33:02,032 INFO used_ofi_cancel_3: 0.8715823152995927 , std 0.3345543049440464 
2023-05-13 15:33:02,032 INFO used_ofi_cancel_4: 0.9610238510762071 , std 0.19353813251879645 
2023-05-13 15:33:02,032 INFO used_ofi_trade_1: 0.8548574752763235 , std 0.3522444779418316 
2023-05-13 15:33:02,032 INFO used_ofi_trade_2: 0.7396742292030251 , std 0.43881233329971003 
2023-05-13 15:33:02,032 INFO used_ofi_trade_3: 0.7370564281559046 , std 0.44023204093973495 
2023-05-13 15:33:02,032 INFO used_ofi_trade_4: 0.9409540430482839 , std 0.23571069538604353 
2023-05-13 15:33:02,033 INFO Grouping by ofi type:
2023-05-13 15:33:02,033 INFO add: 3.7150959860383943
2023-05-13 15:33:02,033 INFO cancel: 3.360238510762071
2023-05-13 15:33:02,033 INFO trade: 3.2725421756835367
2023-05-13 15:33:02,033 INFO Grouping by level:
2023-05-13 15:33:02,033 INFO 1: 2.4275741710296685
2023-05-13 15:33:02,033 INFO 2: 2.488219895287958
2023-05-13 15:33:02,033 INFO 3: 2.5415939499709133
2023-05-13 15:33:02,033 INFO 4: 2.890488656195463
2023-05-13 15:33:02,033 INFO Non empty regressions: 0.9992728330424665 --- 6871 / 6876
